
running 0 tests

test result: ok. 0 passed; 0 failed; 0 ignored; 0 measured; 0 filtered out; finished in 0.00s


running 1 test
i=2 j=4
dp=[
    [ 0, 0, 0, 0, 0, 0, 0, ],
    [ 0, 0, 0, 0, 0, 0, 0, ],
    [ 0, 0, 0, 0, 0, 0, 0, ],
    [ 0, 0, 0, 0, 0, 0, 0, ],
    [ 0, 0, 0, 0, 0, 2, 0, ],
    [ 0, 0, 0, 0, 0, 0, 0, ],
    [ 0, 0, 0, 0, 0, 0, 0, ],
]
i=2 j=3
dp=[
    [ 0, 0, 0, 0, 0, 0, 0, ],
    [ 0, 0, 0, 0, 0, 0, 0, ],
    [ 0, 0, 0, 0, -1, 0, 0, ],
    [ 0, 0, 0, 0, 0, 0, 0, ],
    [ 0, 0, 0, 0, 0, 2, 0, ],
    [ 0, 0, 0, 0, 0, 0, 0, ],
    [ 0, 0, 0, 0, 0, 0, 0, ],
]
i=1 j=4
dp=[
    [ 0, 0, 0, 0, 0, 0, 0, ],
    [ 0, 0, 0, 0, 0, 0, 0, ],
    [ 0, 0, 0, -3, -1, 0, 0, ],
    [ 0, 0, 0, 0, 0, 0, 0, ],
    [ 0, 0, 0, 0, 0, 2, 0, ],
    [ 0, 0, 0, 0, 0, 0, 0, ],
    [ 0, 0, 0, 0, 0, 0, 0, ],
]
i=1 j=3
dp=[
    [ 0, 0, 0, 0, 0, 0, 0, ],
    [ 0, 0, 0, 0, 0, 0, 0, ],
    [ 0, 0, 0, -3, -1, 0, 0, ],
    [ 0, 0, 0, 0, 0, 0, 0, ],
    [ 0, 0, 0, 0, 0, 2, 0, ],
    [ 0, 0, 0, 0, 0, 0, 0, ],
    [ 0, 0, 0, 0, 0, 0, 0, ],
]
i=1 j=2
dp=[
    [ 0, 0, 0, 0, 0, 0, 0, ],
    [ 0, 0, 0, -2, 0, 0, 0, ],
    [ 0, 0, 0, -3, -1, 0, 0, ],
    [ 0, 0, 0, 0, 0, 0, 0, ],
    [ 0, 0, 0, 0, 0, 2, 0, ],
    [ 0, 0, 0, 0, 0, 0, 0, ],
    [ 0, 0, 0, 0, 0, 0, 0, ],
]
i=0 j=4
dp=[
    [ 0, 0, 0, 0, 0, 0, 0, ],
    [ 0, 0, 3, -2, 0, 0, 0, ],
    [ 0, 0, 0, -3, -1, 0, 0, ],
    [ 0, 0, 0, 0, 0, 0, 0, ],
    [ 0, 0, 0, 0, 0, 2, 0, ],
    [ 0, 0, 0, 0, 0, 0, 0, ],
    [ 0, 0, 0, 0, 0, 0, 0, ],
]
i=0 j=3
dp=[
    [ 0, 0, 0, 0, 1, 0, 0, ],
    [ 0, 0, 3, -2, 0, 0, 0, ],
    [ 0, 0, 0, -3, -1, 0, 0, ],
    [ 0, 0, 0, 0, 0, 0, 0, ],
    [ 0, 0, 0, 0, 0, 2, 0, ],
    [ 0, 0, 0, 0, 0, 0, 0, ],
    [ 0, 0, 0, 0, 0, 0, 0, ],
]
i=0 j=2
dp=[
    [ 0, 0, 0, -1, 1, 0, 0, ],
    [ 0, 0, 3, -2, 0, 0, 0, ],
    [ 0, 0, 0, -3, -1, 0, 0, ],
    [ 0, 0, 0, 0, 0, 0, 0, ],
    [ 0, 0, 0, 0, 0, 2, 0, ],
    [ 0, 0, 0, 0, 0, 0, 0, ],
    [ 0, 0, 0, 0, 0, 0, 0, ],
]
i=0 j=1
dp=[
    [ 0, 0, 4, -1, 1, 0, 0, ],
    [ 0, 0, 3, -2, 0, 0, 0, ],
    [ 0, 0, 0, -3, -1, 0, 0, ],
    [ 0, 0, 0, 0, 0, 0, 0, ],
    [ 0, 0, 0, 0, 0, 2, 0, ],
    [ 0, 0, 0, 0, 0, 0, 0, ],
    [ 0, 0, 0, 0, 0, 0, 0, ],
]
test test_example_1 ... FAILED

failures:

failures:
    test_example_1

test result: FAILED. 0 passed; 1 failed; 0 ignored; 0 measured; 4 filtered out; finished in 0.00s

