
running 0 tests

test result: ok. 0 passed; 0 failed; 0 ignored; 0 measured; 0 filtered out; finished in 0.00s


running 1 test
[0, 0, 0, 0, 0, 0, 0]
[0, 0, 0, 0, 0, 0, 0]
[0, 0, 0, 0, 0, 0, 0]
[0, 0, 0, 0, 0, 0, 0]
[0, 0, 0, 0, 0, 0, 0]
--------------------
0 [0, 0, 0, 0, 0, 0, 0]
1 [0, 0, 0, 0, 0, 0, 0]
2 [0, 0, 0, 0, 0, 0, 0]
3 [2, 0, 1, 0, 0, 0, 0]
4 [0, 1, 0, 0, 0, 0, 0]
------------------------
   0, 1, 2, 3, 4, 5, 6, 
[0, 0, 0, 0, 0, 0, 0]
[0, 0, 0, 0, 0, 0, 0]
[0, 3, 0, 1, 0, 0, 0]
[2, 0, 1, 0, 0, 0, 0]
[0, 1, 0, 0, 0, 0, 0]
--------------------
[0, 0, 0, 0, 0, 0, 0]
[6, 0, 4, 0, 1, 0, 0]
[0, 3, 0, 1, 0, 0, 0]
[2, 0, 1, 0, 0, 0, 0]
[0, 1, 0, 0, 0, 0, 0]
--------------------
[0, 10, 0, 5, 0, 1, 0]
[6, 0, 4, 0, 1, 0, 0]
[0, 3, 0, 1, 0, 0, 0]
[2, 0, 1, 0, 0, 0, 0]
[0, 1, 0, 0, 0, 0, 0]
--------------------
test test_example_1 ... FAILED

failures:

failures:
    test_example_1

test result: FAILED. 0 passed; 1 failed; 0 ignored; 0 measured; 5 filtered out; finished in 0.00s

